11
22
77
43
21
17
16
26
2
19
20
35
20
29
12
10
9
30
17
14
28
8
14
10
13
18
41
12
8
17
45
18
10
12
14
18
13
7
14
15
18
9
13
7
46
6
33
10
11
0
59
5
14
12
8
7
5
32
26
6
7
13
8
10
11
17
13
13
93
5
8
44
11
18
0
47
73
20
13
30
8
10
15
1
12
6
22
8
12
76
92
110
23
108
90
8
1
74
15
38
14
40
11
3
13
11
10
33
10
5
27
16
38
8
45
6
0
12
11
13
51
80
28
73
8
7
8
8
20
19
9
12
22
6
19
14
7
101
6
1
9
15
6
13
19
17
8
17
10
11
6
10
20
6
45
8
7
29
15
6
82
82
3
11
11
19
14
14
39
12
20
61
11
23
48
2
12
23
6
48
15
21
15
11
11
6
10
8
12
8
9
18
32
6
6
18
19
48
78
13
11
60
8
130
10
28
13
10
11
159
